#{
#    "FAR": {
#        "DIMENSION": [1], 
#        "Notes": "False Alarm Ratio", 
#        "START_COLUMN": 1
#    }, 
#    "FB": {
#        "DIMENSION": [1], 
#        "Notes": "Frequency Bias", 
#        "START_COLUMN": 2
#    }, 
#    "HSS": {
#        "DIMENSION": [1], 
#        "Notes": "Heidke Skill Score", 
#        "START_COLUMN": 3
#    }, 
#    "Npredict": {
#        "DIMENSION": [1], 
#        "Notes": "Number of \"Events\" predicted", 
#        "START_COLUMN": 4
#    }, 
#    "PC": {
#        "DIMENSION": [1], 
#        "Notes": "Proportion Correct", 
#        "START_COLUMN": 5
#    }, 
#    "POD": {
#        "DIMENSION": [1], 
#        "Notes": "Probability of Detection", 
#        "START_COLUMN": 6
#    }, 
#    "POFD": {
#        "DIMENSION": [1], 
#        "Notes": "Probability of False Detection", 
#        "START_COLUMN": 7
#    }, 
#    "PSS": {
#        "DIMENSION": [1], 
#        "Notes": "Peirce Skill Score", 
#        "START_COLUMN": 8
#    }, 
#    "Threshold": {
#        "DIMENSION": [1], 
#        "Notes": "SYM-H threshold", 
#        "START_COLUMN": 0, 
#        "Units": "nT"
#    }
#}
-100 nan 0.0 0.0 0.0 0.997961423867 0.0 0.0 0.0
-99 nan 0.0 0.0 0.0 0.997580590963 0.0 0.0 0.0
-98 nan 0.0 0.0 0.0 0.996863729026 0.0 0.0 0.0
-97 nan 0.0 0.0 0.0 0.996281278702 0.0 0.0 0.0
-96 1.0 0.10989010989 -0.000808009236205 20.0 0.995474809023 0.0 0.000449872910903 -0.000449872910924
-95 1.0 0.325581395349 -0.00237156984137 70.0 0.993615448375 0.0 0.00157572483342 -0.00157572483343
-94 1.0 0.350194552529 -0.00299544020959 90.0 0.992226528372 0.0 0.00202784912802 -0.00202784912802
-93 1.0 0.359712230216 -0.00330599308763 100.0 0.991532068371 0.0 0.00225423232118 -0.00225423232119
-92 0.937931034483 0.476973684211 0.0358482047709 145.0 0.990344765788 0.0296052631579 0.00306755385136 0.0265377093065
-91 0.931818181818 0.647058823529 0.0478734107526 220.0 0.988126974171 0.0441176470588 0.00462764396488 0.039490003094
-90 0.939285714286 0.731070496084 0.0443564939553 280.0 0.985909182553 0.0443864229765 0.00594269703543 0.0384437259411
-89 0.916923076923 0.743707093822 0.0630418404887 325.0 0.984139429647 0.0617848970252 0.00674177639021 0.055043120635
-88 0.853333333333 0.763747454175 0.118624808444 375.0 0.983064136741 0.112016293279 0.00724834647096 0.104767946808
-87 0.764705882353 0.760286225403 0.194539073823 425.0 0.982436882547 0.178890876565 0.00737295825771 0.171517918308
-86 0.730337078652 0.727124183007 0.218030747527 445.0 0.981697618674 0.196078431373 0.00738183387467 0.188696597498
-85 0.70752688172 0.708841463415 0.233292984887 465.0 0.980980756737 0.207317073171 0.00748016279017 0.199836910381
-84 0.674747474747 0.706134094151 0.259606445894 495.0 0.980420708349 0.22967189729 0.0076016204652 0.222070276824
-83 0.663366336634 0.677852348993 0.262048675388 505.0 0.97961423867 0.228187919463 0.0076320225999 0.220555896863
-82 0.649056603774 0.656753407683 0.267739449843 530.0 0.978382132216 0.230483271375 0.00784814747217 0.222635123903
-81 0.614545454545 0.619369369369 0.283957868755 550.0 0.977284437375 0.238738738739 0.007725537702 0.231013201037
-80 0.598230088496 0.604278074866 0.291486913513 565.0 0.976567575439 0.242780748663 0.00773384587223 0.235046902791
-79 0.563025210084 0.582761998041 0.310163327596 595.0 0.975447478662 0.254652301665 0.00768031546609 0.246971986199
-78 0.5171875 0.588235294118 0.345828275917 640.0 0.975133851565 0.284007352941 0.00760028472366 0.276407068218
-77 0.446715328467 0.58647260274 0.39740912963 685.0 0.975469880598 0.32448630137 0.00703917554232 0.317447125828
-76 0.433103448276 0.580464371497 0.404167406666 725.0 0.974192970273 0.3290632506 0.00723669048168 0.321826560119
-75 0.411842105263 0.565897244974 0.412327869484 760.0 0.972916059948 0.332836932241 0.0072293052476 0.325607626994
-74 0.393710691824 0.547898001378 0.415763463335 795.0 0.971280718654 0.332184700207 0.00724738353246 0.324937316674
-73 0.361445783133 0.538611291369 0.433373767679 830.0 0.970631062524 0.343932511356 0.00696087985521 0.336971631501
-72 0.331034482759 0.528875379939 0.448769183176 870.0 0.969734985103 0.353799392097 0.00669860910825 0.347100782989
-71 0.3 0.505902192243 0.455751425298 900.0 0.968211653487 0.35413153457 0.006299580028 0.347831954542
-70 0.31269035533 0.517875920084 0.453097938122 985.0 0.965657832837 0.355941114616 0.00720686992536 0.348734244691
-69 0.328440366972 0.530930345835 0.448194581673 1090.0 0.96238715025 0.356551388212 0.00840651857418 0.348144869638
-68 0.329661016949 0.541036221917 0.451889121432 1180.0 0.960146956697 0.362677670793 0.00916199538367 0.35351567541
-67 0.320647773279 0.547671840355 0.461551537722 1235.0 0.959407692825 0.372062084257 0.00934314835787 0.362718935899
-66 0.308661417323 0.542735042735 0.466758988652 1270.0 0.958466811533 0.375213675214 0.0092673585664 0.365946316647
-65 0.322794117647 0.560362587557 0.465529388937 1360.0 0.9564282354 0.379480840544 0.0103998862883 0.369080954256
-64 0.328719723183 0.579622944244 0.470952597694 1445.0 0.955240932817 0.389089450461 0.0112703459403 0.377819104521
-63 0.341290322581 0.602409638554 0.472405280261 1550.0 0.953381572168 0.396813058686 0.012575476632 0.384237582054
-62 0.339751552795 0.597624350408 0.470030489136 1610.0 0.951208584422 0.394580549369 0.0130408868757 0.381539662493
-61 0.333724340176 0.594905792045 0.471744966353 1705.0 0.948497950223 0.396371249128 0.0136212385991 0.382750010529
-60 0.31323943662 0.584073708457 0.480351085852 1775.0 0.946773001187 0.401118789075 0.0133653846154 0.38775340446
-59 0.282939632546 0.599622285175 0.511519684087 1905.0 0.947355451511 0.429965376141 0.0129998552892 0.416965520852
-58 0.263523573201 0.616585067319 0.535882927109 2015.0 0.948139519254 0.454100367197 0.0128350777114 0.441265289486
-57 0.253588516746 0.625 0.548123441366 2090.0 0.94816192119 0.466507177033 0.0128344835937 0.45367269344
-56 0.247222222222 0.621761658031 0.550379311131 2160.0 0.946638589574 0.46804835924 0.0129721851087 0.455076174131
-55 0.242792792793 0.618556701031 0.551175657101 2220.0 0.945182463765 0.468375592087 0.0131303288672 0.45524526322
-54 0.240174672489 0.618751688733 0.552508055989 2290.0 0.943748739891 0.470143204539 0.0134349504128 0.456708254126
-53 0.236820083682 0.624183860016 0.557409838807 2390.0 0.942404623759 0.476364586054 0.0138691497182 0.462495436336
-52 0.229482071713 0.631287726358 0.56647504995 2510.0 0.94135173279 0.486418511066 0.0141652116174 0.472253299449
-51 0.230882352941 0.659713800631 0.580635372255 2720.0 0.940433253433 0.507397526073 0.0155000493632 0.49189747671
-50 0.224695652174 0.673933427098 0.592960119961 2875.0 0.93989560698 0.522503516174 0.0160007926089 0.506502723565
-49 0.23779264214 0.677543621119 0.582343555208 2990.0 0.936266493425 0.516428733288 0.0176751354845 0.498753597803
-48 0.235426731079 0.676913015043 0.582640736338 3105.0 0.934048701808 0.517549596686 0.0182512733447 0.499298323342
-47 0.230981595092 0.682008368201 0.58784119193 3260.0 0.932211743095 0.524476987448 0.0188915928648 0.505585394583
-46 0.219448476052 0.692740800322 0.602636234256 3445.0 0.931898115997 0.540719887392 0.0190591438512 0.521660743541
-45 0.226853146853 0.687235678585 0.591000535888 3575.0 0.927216111472 0.531334102268 0.0205644445571 0.510769657711
-44 0.222373806276 0.671983865053 0.584236214729 3665.0 0.923407782432 0.522552255226 0.0207987750415 0.501753480184
-43 0.21171770972 0.654067235673 0.580780746351 3755.0 0.919890678555 0.515589618533 0.0204380687953 0.495151549738
-42 0.204915912031 0.640643129455 0.576202444376 3865.0 0.915947937902 0.509365158296 0.0205149458633 0.488850212433
-41 0.19099756691 0.643091847911 0.586985873213 4110.0 0.913730146285 0.52026286966 0.0205239489647 0.499738920696
-40 0.179229871645 0.639456797493 0.592556791144 4285.0 0.911467550796 0.524847037756 0.0202435552744 0.504603482481
-39 0.177194982896 0.624199288256 0.58184749751 4385.0 0.906046282399 0.51359430605 0.0206572021056 0.492937103944
-38 0.175777777778 0.612745098039 0.572916856082 4500.0 0.900849033356 0.505038126362 0.021209277383 0.483828848979
-37 0.162694300518 0.626704766853 0.590778345051 4825.0 0.900445798517 0.524743473178 0.0212506767731 0.503492796405
-36 0.1580078125 0.63800623053 0.599879638208 5120.0 0.89867604561 0.537196261682 0.0220953733545 0.515100888328
-35 0.150363636364 0.655698617072 0.61576913949 5500.0 0.898250408835 0.55710538865 0.0228131637748 0.534292224876
-34 0.153064516129 0.704305350449 0.641573562898 6200.0 0.899168888192 0.596501192775 0.0264817501953 0.57001944258
-33 0.171814092954 0.723427331887 0.631357552496 6670.0 0.891529828177 0.599132321041 0.0323555154013 0.56677680564
-32 0.178043631246 0.736651114567 0.629377637977 7105.0 0.886422186877 0.605495075168 0.0361490541236 0.569346021045
-31 0.184696569921 0.749901068461 0.626241346273 7580.0 0.880642487511 0.611396913336 0.0405432799513 0.570853633385
-30 0.184936708861 0.74584592145 0.619207965331 7900.0 0.87423553395 0.60791163142 0.0429112697154 0.565000361705
-29 0.186116098145 0.746048754353 0.612415395905 8355.0 0.866618875871 0.607197071167 0.0465011961722 0.560695874995
-28 0.193222286043 0.734165471873 0.591154484474 8705.0 0.854028988105 0.592308341064 0.0513086449881 0.540999696076
-27 0.191818684356 0.725166359336 0.581007557446 9045.0 0.845471448733 0.586065902349 0.0539389417397 0.532126960609
-26 0.205322415558 0.733703814959 0.562036261241 9770.0 0.830686171285 0.583057975368 0.0640423969607 0.519015578407
-25 0.211361410382 0.718255364052 0.535720233785 10210.0 0.813593494478 0.566443897292 0.0709308440705 0.495513053221
-24 0.213867924528 0.70492784465 0.514966047391 10600.0 0.799032236385 0.554166389572 0.0765826633336 0.477583726239
-23 0.22132851333 0.695955720486 0.489990404169 11065.0 0.781984363449 0.541920875527 0.0852122477383 0.456708627788
-22 0.2259762309 0.697867298578 0.472226890305 11780.0 0.766482224064 0.540165876777 0.0958968262545 0.444269050523
-21 0.2128070882 0.68458781362 0.462238071163 12415.0 0.753489101458 0.538902674387 0.0996830667069 0.43921960768
-20 0.218091980236 0.678792569659 0.433369565269 13155.0 0.732005645288 0.530753353973 0.113583277248 0.417170076725
-19 0.234188034188 0.67934388155 0.391748989849 14040.0 0.704227245234 0.520249673392 0.137160020023 0.383089653369
-18 0.239757412399 0.679923027582 0.363459341765 14840.0 0.684087905195 0.516906441858 0.155963704905 0.360942736953
-17 0.239098660171 0.71989127099 0.36562550467 16420.0 0.680974036157 0.547766232627 0.179844251031 0.367921981597
-16 0.265824869613 0.768532973292 0.327974684706 18215.0 0.660162638052 0.564237795874 0.231254179005 0.332983616869
-15 0.262467997952 0.788421945016 0.315253438471 19530.0 0.652926812877 0.581486415567 0.258002818603 0.323483596964
-14 0.277815391559 0.85491028362 0.280855624025 22155.0 0.640000896077 0.617403048428 0.328722495193 0.288680553234
-13 0.304157461338 0.918499114522 0.202798871266 24895.0 0.611259212796 0.639130755608 0.431822070145 0.207308685463
-12 0.327937062937 1.01681658193 0.116039927836 28600.0 0.590380608885 0.683364738507 0.568011143411 0.115353595097
-11 0.311222186391 1.0589038757 0.103550770111 31010.0 0.606241179238 0.729349496329 0.628565846034 0.100783650296
-10 0.286504764832 1.06341941811 0.0990502524279 32530.0 0.625887676695 0.758744687806 0.663392412271 0.0953522755351
-9 0.259991177768 1.07065268726 0.111551017866 34005.0 0.654158919331 0.792292434117 0.686519645908 0.10577278821
-8 0.235044450817 1.06470031449 0.132538331973 34870.0 0.68025717422 0.814448413789 0.689434724092 0.125013689697
-7 0.216386083053 1.06232674595 0.146284910156 35640.0 0.701314993615 0.832454022475 0.695401262399 0.137052760076
-6 0.200380641653 1.07274106049 0.159307787422 36780.0 0.725665897534 0.857784518462 0.711870955279 0.145913563184
-5 0.186156503255 1.0706970128 0.147114240102 37635.0 0.741772889178 0.871379800853 0.738328591 0.133051209853
-4 0.173430771238 1.06578581363 0.129555696439 38315.0 0.755258854365 0.880945757997 0.764760041432 0.116185716566
-3 0.155752885957 1.06885237011 0.128113178164 39415.0 0.7818275499 0.902375528799 0.790802524797 0.111573004002
-2 0.137453829106 1.0768455664 0.148324458098 40610.0 0.814825600932 0.928829019941 0.805832250614 0.122996769327
-1 0.123078796736 1.069446977 0.157455420497 41055.0 0.833329599677 0.937820729897 0.80848 0.129340729897
0 0.118381513662 1.10468078536 0.134744856209 42929.0 0.863437801026 0.973907001878 0.879543094496 0.0943639073821
1 0.113740614802 1.11379695999 0.0728409316132 43819.0 0.87699097202 0.987113008998 0.940909949028 0.0462030599703
2 0.104976372968 1.10785762593 0.0117810437705 44229.0 0.888438361074 0.991558750595 0.984520780322 0.00703797027259
3 0.094692887931 1.1020014349 -0.00418001495014 44544.0 0.903380452071 0.997649736523 1.0 -0.0023502634769
4 0.0850377472614 1.09294126288 0.0 44639.0 0.914962252739 1.0 1.0 0.0
5 0.0766370214387 1.08299771944 0.0 44639.0 0.923362978561 1.0 1.0 0.0
6 0.0687291381975 1.07380144812 0.0 44639.0 0.931270861802 1.0 1.0 0.0
7 0.0605748336656 1.06448074401 0.0 44639.0 0.939425166334 1.0 1.0 0.0
8 0.0497771007415 1.0523846571 0.0 44639.0 0.950222899258 1.0 1.0 0.0
9 0.0408163265306 1.04255319149 0.0 44639.0 0.959183673469 1.0 1.0 0.0
